Run                                                  all R²        cup R²      spoon R²    pendant R²        all r        cup r      spoon r    pendant r
---------------------------------------------------------------------------------------------------------------------------------------------------------
moment_lr1e3                                         0.5354        0.3944        0.5534       -0.2916       0.7376       0.6381       0.7821       0.4047
moment_lr2e4                                         0.5217        0.3205        0.5642        0.1298       0.7238       0.5908       0.7793       0.5616
opentslm_gemma270m_lr1e3                             0.5440        0.4881        0.4548       -0.1803       0.7724       0.7368       0.7197       0.5207
opentslm_gemma270m_lr2e4                             0.3232        0.3198        0.2597       -2.5106       0.7367       0.7186       0.8237       0.6166
opentslm_gemma270m_patch100                          0.3378        0.3225        0.1434       -0.8639       0.6326       0.6453       0.4135       0.3183
opentslm_llama1b_lr1e3                               0.1819        0.3558        0.1373       -5.8665       0.5840       0.7527       0.4937       0.4314
opentslm_llama1b_lr2e4                               0.3946        0.2942        0.3784       -1.3268       0.6340       0.5432       0.6252       0.6142
opentslm_qwen05b_lr1e3                              -0.0424       -0.0060       -0.0063       -6.3761      -0.1282      -0.4933      -0.1670      -0.1898
opentslm_qwen05b_lr2e4                               0.5087        0.4903        0.5137       -1.8901       0.7697       0.7276       0.7653       0.5769
ridge_alpha_grid_default                             0.5428        0.4421        0.4888        0.0096       0.7804       0.7367       0.7617       0.4277
ridge_no_hgbr                                        0.2569        0.1740        0.1399       -1.3339       0.5349       0.4903       0.5406       0.0631
ridge_no_test_id                                     0.5428        0.4421        0.4888        0.0092       0.7805       0.7368       0.7617       0.4277